%YAML:1.0
---
K1: !!opencv-matrix
   rows: 3
   cols: 3
   dt: d
   data: [ 1.6435516401714499e+03, 0., 8.3384217485027705e+02, 0.,
       1.6328119551437901e+03, 6.5798955473076103e+02, 0., 0., 1. ]
K2: !!opencv-matrix
   rows: 3
   cols: 3
   dt: d
   data: [ 1.6357791523747801e+03, 0., 1.0582548799154199e+03, 0.,
       1.6311267811675500e+03, 6.9498544397877299e+02, 0., 0., 1. ]
D1: !!opencv-matrix
   rows: 1
   cols: 5
   dt: d
   data: [ -4.0444238705587998e-01, 5.8161897902897197e-01,
       -4.9797819387316098e-03, 2.3217574337593299e-03,
       -2.1547479006608700e-01 ]
D2: !!opencv-matrix
   rows: 1
   cols: 5
   dt: d
   data: [ -3.8302513378506597e-01, 4.9543625558184001e-01,
       -2.5114323169358401e-03, 2.5401313005615298e-03,
       -5.0514540202738802e-02 ]
ImageSize: [ 1080, 1920 ]
T: !!opencv-matrix
   rows: 3
   cols: 1
   dt: d
   data: [ -5.3060682373153902e+00, -2.0313336192718401e-01, -2.5629857299114900e-01 ]
R: !!opencv-matrix
   rows: 3
   cols: 3
   dt: d
   data: [ 9.9988655015587802e-01, -1.3038892445588000e-03,
       -1.5006221716835100e-02, 1.1194501778253401e-03,
       9.9992381548150500e-01, -1.2292683360820700e-02,
       1.5021106772680100e-02, 1.2274490040240201e-02,
       9.9981183391955097e-01 ]
